1
0
0
0
0
0
0
0
0
0
0
0
0
0
0
0
0
0
0
0
0
0
0
0
0
0
0
0
0
0
0
0
0
0
0
0
0
0
0
0
0
0
0
0
0
0
0
0
0
0
0
0
0
0
0
0
0
0
0
0
0
0
0
0
0
0
0
0
0
0
0
0
0
0
0
0
0
0
0
0
0
0
0
0
0
0
0
0
0
0
0
0
0
0
0
0
0
0
0
0
0
0
0
0
0
0
0
0
0
0
0
0
1
1
0
0
0
1
0
1
3
0
1
1
0
0
3
2
3
4
3
6
8
88
113
102
91
55
64
147
377
323
115
79
95
122
222
751
471
183
84
57
80
114
626
380
203
62
109
113
151
613
383
275
167
153
212
219
683
434
162
97
66
113
96
673
411
139
104
56
124
134
662
440
185
127
88
92
161
740
462
159
124
94
105
122
704
522
243
105
128
189
190
770
532
78
32
80
123
122
91
99
104
77
54
112
92
580
428
73
40
82
122
136
627
402
157
87
74
84
124
641
503
236
154
94
113
162
603
329
198
115
124
115
142
601
385
148
87
41
87
138
649
370
183
155
149
140
160
666
404
152
87
61
54
119
676
439
137
82
91
89
137
661
427
175
128
112
206
189
716
547
162
182
185
205
268
839
606
191
141
118
176
189
803
464
204
144
120
134
210
848
524
179
133
133
136
128
659
489
137
127
143
122
172
776
375
149
106
131
140
177
730
425
184
89
77
98
177
710
417
173
108
92
125
148
745
346
193
63
67
89
105
672
391
100
83
73
105
111
731
399
145
75
117
140
137
711
562
201
131
89
104
158
655
407
181
113
93
116
226
685
399
169
123
84
111
120
651
348
98
29
60
67
80
615
361
222
65
116
142
183
616
408
156
93
96
97
164
636
386
91
87
71
124
151
638
451
190
98
157
187
253
662
524
153
146
125
179
224
649
446
215
178
89
153
252
727
438
167
153
110
100
126
713
374
161
108
85
134
166
724
407
162
95
81
135
219
721
428
161
72
81
132
121
675
404
169
130
164
231
197
650
473
176
145
167
184
165
832
721
334
273
239
313
197
936
576
223
117
128
228
209
694
454
165
108
107
121
125
634
399
146
66
67
114
179
631
287
211
127
122
158
201
767
404
212
111
52
82
120
609
413
155
90
107
108
180
624
441
175
101
100
164
151
726
449
249
195
252
281
256
970
609
49
43
83
191
165
705
355
129
123
117
182
133
681
462
248
152
126
153
201
723
442
84
139
113
179
169
667
430
155
89
81
138
109
610
386
141
79
78
116
150
647
417
141
112
187
159
218
711
436
219
32
63
142
127
551
400
195
121
90
128
134
600
348
116
102
115
124
140
533
299
137
115
127
137
152
593
469
195
128
77
104
172
670
449
144
109
101
112
176
731
512
216
144
114
106
170
603
448
197
110
94
151
137
692
322
137
95
123
106
150
651
388
184
103
72
156
182
731
554
259
239
192
195
150
725
441
200
161
160
218
215
721
443
157
103
118
128
175
667
353
178
120
105
124
139
627
453
118
131
124
147
239
663
461
214
190
157
198
189
720
407
203
120
137
158
181
699
497
146
137
136
189
203
699
434
206
189
191
205
206
761
413
135
92
117
167
219
722
398
125
209
131
137
179
716
549
230
219
121
150
197
732
301
165
106
130
133
122
572
315
161
55
38
95
119
501
392
228
119
69
114
137
573
346
168
114
165
244
275
743
604
334
238
182
180
207
710
402
204
157
164
216
259
825
577
227
183
157
237
240
784
514
236
142
177
171
239
755
409
183
150
162
139
197
724
572
323
163
137
127
187
603
330
170
101
111
109
167
603
377
186
128
131
146
139
633
374
131
149
124
138
188
631
419
201
141
205
197
180
750
603
214
205
201
271
180
805
488
317
174
130
137
135
616
261
178
115
108
174
182
690
348
190
140
119
159
187
619
486
205
306
218
157
153
686
342
170
97
99
100
165
648
321
145
86
102
130
150
693
344
152
111
82
117
105
640
323
187
130
144
143
173
623
286
141
95
110
164
114
656
377
152
134
139
212
205
752
486
253
257
161
178
146
708
402
180
117
130
180
146
687
380
161
86
90
159
125
594
547
230
255
238
269
251
694
537
220
201
151
219
131
625
351
121
97
80
117
147
535
319
213
95
104
97
124
552
457
138
90
64
92
129
605
396
198
139
131
153
76
616
377
165
115
95
94
134
517
350
188
144
111
149
167
742
434
168
116
96
160
142
759
393
