1
0
1
0
2
4
3
3
13
15
15
3
2
3
2
4
1
0
3
3
5
1
7
5
2
9
10
3
14
1
1
4
1
6
3
6
4
4
3
15
0
0
12
3
3
0
18
0
16
3
2
4
2
0
0
6
2
8
0
6
9
11
8
14
17
10
9
21
2
2
1
25
7
9
5
0
6
14
2
5
13
5
6
0
0
6
11
5
3
2
2
1
1
2
20
8
6
20
40
21
14
10
5
0
0
3
11
5
17
9
0
16
8
7
16
9
1
6
7
4
1
7
3
17
0
1
3
5
27
5
2
0
1
15
1
7
1
6
7
6
9
7
15
5
1
7
14
6
7
13
7
10
22
17
8
10
4
4
5
2
3
8
32
64
23
11
11
3
8
6
3
5
5
1
3
9
17
6
7
20
13
1
14
39
25
8
8
5
8
3
2
3
2
42
13
0
6
4
0
4
4
3
4
2
10
2
9
23
8
39
5
21
4
5
2
0
0
5
11
5
12
11
2
0
9
10
1
9
2
2
11
3
1
11
3
8
0
2
0
0
0
8
5
0
1
2
3
3
7
6
0
2
4
0
6
17
3
7
1
8
2
9
9
1
0
5
5
1
1
3
6
4
3
4
1
6
3
3
0
1
6
7
3
4
6
3
5
3
5
9
4
8
2
3
13
6
7
3
0
2
3
1
4
9
1
4
1
2
0
3
2
7
0
0
2
10
1
4
1
5
8
2
2
2
1
7
6
2
6
20
25
6
7
3
3
5
18
13
4
3
1
1
6
16
19
9
22
8
4
5
9
7
67
30
26
16
9
18
27
4
2
12
10
13
18
9
6
3
19
6
3
4
3
4
2
0
1
0
3
11
2
1
2
0
9
20
3
0
4
3
3
4
6
9
5
1
0
4
2
1
2
5
10
2
16
38
130
10
0
6
8
5
4
4
11
1
1
6
1
0
2
3
9
13
0
10
7
3
0
11
3
2
1
0
8
7
9
0
4
3
4
5
9
0
0
2
0
0
13
9
8
7
19
14
0
3
8
0
4
5
1
7
2
1
3
7
2
4
2
3
2
2
4
24
0
42
28
13
15
2
4
5
4
1
13
6
1
0
0
1
7
1
2
5
3
0
32
32
19
13
3
10
1
1
5
3
3
8
8
1
8
9
8
10
6
3
3
2
0
13
4
5
7
5
1
5
5
6
4
8
0
5
6
1
4
1
7
2
1
0
8
0
4
4
2
2
3
18
1
2
4
2
0
2
1
3
6
1
0
0
4
0
5
2
2
2
5
5
4
5
3
3
0
1
14
4
5
0
2
9
0
6
7
1
2
5
16
15
3
4
6
4
2
3
6
0
0
3
8
4
0
3
0
8
0
1
2
0
3
5
5
5
1
16
5
9
7
1
5
12
33
2
1
1
1
0
0
7
1
0
5
1
1
2
5
1
0
19
6
1
7
3
5
0
4
8
7
2
2
3
1
7
11
4
5
11
4
2
8
1
2
3
10
1
2
2
4
10
2
3
3
0
6
10
7
3
4
0
5
4
4
1
11
7
4
1
2
4
3
1
1
0
1
14
6
14
2
1
2
4
4
1
1
3
2
1
0
5
1
0
2
8
2
3
11
1
3
1
0
3
1
1
5
4
1
2
0
2
6
3
2
11
9
1
3
9
2
6
8
6
140
145
223
193
72
101
47
68
54
39
41
25
32
19
8
3
24
163
36
4
13
7
7
6
4
5
7
19
2
4
27
4
39
14
9
22
3
2
5
14
4
16
15
9
13
14
10
9
15
4
2
14
28
3
5
3
7
0
2
4
4
7
2
2
0
7
7
2
7
19
1
1
23
4
0
2
6
0
1
3
2
3
2
1
2
0
6
5
4
4
5
2
3
0
14
11
7
6
0
0
9
1
0
0
6
9
10
13
4
13
30
6
1
4
24
3
0
2
3
0
1
6
4
1
13
1
3
3
1
